0.980843
0.563526
0.262043
0.845536
0.959729
0.150512
0.211540
0.816405
0.532907
0.271772
0.312996
0.409920
0.086954
0.007402
0.405562
0.528576
0.863959
0.153037
0.603230
0.126576
0.478796
0.444240
0.826796
0.172413
0.802184
0.171130
0.544263
0.356298
0.859567
0.987077
0.483288
0.880681
0.011398
0.926718
0.950660
0.661784
0.262110
0.334417
0.713481
0.198771
0.438601
0.558443
0.906855
0.382965
0.963065
0.040929
0.311471
0.215704
0.587397
0.734329
0.439179
0.094383
0.689341
0.674803
0.651057
0.649887
0.776627
0.860649
0.062379
0.743335
0.128719
0.025714
0.019598
0.135566
0.038908
0.832409
0.146858
0.529439
0.381617
0.908225
0.000736
0.611331
0.600329
0.735529
0.779812
0.421857
0.989826
0.495553
0.429093
0.778915
0.843477
0.370118
0.260642
0.204696
0.948994
0.213895
0.538234
0.138098
0.606832
0.124841
0.988101
0.675137
0.362226
0.775005
0.145216
0.235312
0.743813
0.617278
0.906323
0.863923
0.333291
0.146640
0.244933
0.835560
0.014476
0.283854
0.261524
0.804431
0.365364
0.519273
0.629532
0.402992
0.886349
0.987177
0.579474
0.198647
0.877387
0.029513
0.031076
0.609690
0.025916
0.546354
0.830070
0.404437
0.241466
0.068652
0.672304
0.372078
0.358045
0.274717
0.992894
0.318697
0.389042
0.183474
0.017327
0.771398
0.494407
0.391428
0.838069
0.420104
0.845667
0.533526
0.554983
0.558870
0.084213
0.384638
0.469528
0.027007
0.717155
0.030087
0.980126
0.701307
0.909134
0.572001
0.548706
0.184600
0.605992
0.948957
0.334325
0.584506
0.475710
0.248156
0.100407
0.140901
0.596553
0.579844
0.971407
0.182228
0.427934
0.009483
0.686993
0.836292
0.479259
0.833332
0.814693
0.728031
0.341871
0.648489
0.182857
0.497258
0.776472
0.049251
0.488270
0.362133
0.727973
0.962784
0.751897
0.523855
0.803655
0.080166
0.005987
0.062317
0.639862
0.212297
0.318335
0.530516
0.853589
0.594675
0.496499
0.866348
0.781129
0.162851
0.179187
0.414633
0.099282
0.353450
0.329142
0.875792
0.624405
0.232620
0.169783
0.676217
0.720413
0.972257
0.052719
0.004961
0.832579
0.436751
0.457882
0.239330
0.262028
0.050645
0.223701
0.898837
0.674800
0.082397
0.316020
0.155417
0.963462
0.694562
0.961700
0.645906
0.196537
0.879600
0.490531
0.272675
0.072476
0.823371
0.204556
0.124631
0.315829
0.094564
0.057285
0.655999
0.849014
0.473788
0.849605
0.659430
0.146989
0.300793
0.847501
0.761206
0.763751
0.981392
0.725026
0.297377
0.473389
0.614130
0.830631
0.163627
0.415043
0.717532
0.604085
0.639526
0.711741
0.292410
0.589279
0.631589
0.836685
0.266301
0.723064
0.645030
0.952204
0.495862
0.624499
0.374028
0.271485
0.136920
0.221088
0.970486
0.159831
0.614541
0.347755
0.181334
0.111731
0.877353
0.913288
0.080193
0.023510
0.439215
0.750569
0.578243
0.417712
0.696664
0.762154
0.328251
0.911277
0.787342
0.303862
0.145101
0.542412
0.441498
0.356404
0.827489
0.693235
0.519231
0.408192
0.715152
0.225202
0.286004
0.474876
0.804640
0.306119
0.593499
0.426504
0.513596
0.221322
0.963958
0.374744
0.200430
0.117352
0.424218
0.307863
0.130522
0.087195
0.707368
0.258274
0.466837
0.553653
0.830737
0.584513
0.083040
0.047304
0.812811
0.855414
0.704460
0.187047
0.996249
0.084039
0.977714
0.574936
0.138653
0.613755
0.435790
0.784052
0.502055
0.104826
0.352660
0.526941
0.529868
0.537750
0.904084
0.332036
0.342836
0.167236
0.403996
0.007840
0.625044
0.543934
0.512622
0.239016
0.380253
0.376951
0.573015
0.481587
0.346495
0.467219
0.935594
0.694465
0.508377
0.222983
0.108467
0.292501
0.113212
0.655289
0.800815
0.721678
0.193390
0.542928
0.598898
0.613905
0.529456
0.508525
0.675035
0.481020
0.559095
0.553996
0.874266
0.974064
0.409994
0.893191
0.991091
0.547597
0.997617
0.710389
0.405413
0.437332
0.670028
0.323834
0.964811
0.857892
0.521139
0.562419
0.251920
0.027304
0.990997
0.389432
0.985434
0.680494
0.909221
0.799586
0.219137
0.585885
0.169313
0.384139
0.521423
0.847809
0.238582
0.886087
0.245616
0.654972
0.546608
0.655120
0.232261
0.641793
0.736700
0.938963
0.805998
0.794696
0.831980
0.805245
0.224978
0.397893
0.172914
0.327284
0.303472
0.758642
0.541801
0.729761
0.245654
0.526862
0.815531
0.420507
0.858648
0.290581
0.542174
0.319619
0.378269
0.547113
0.184370
0.950497
0.003709
0.419804
0.127919
0.367975
0.750485
0.826141
0.581101
0.712105
0.930480
0.131474
0.664830
0.170601
0.240672
0.605117
0.575811
0.542687
0.121301
0.855606
0.920209
0.758257
0.027466
0.222791
0.554293
0.148933
0.029302
0.170883
0.832455
0.620866
0.103061
0.669977
0.258585
0.407303
0.228090
0.272820
0.551999
0.599638
0.450521
0.881133
0.210821
0.268973
0.331913
0.739620
0.014207
0.268710
0.823273
0.001756
0.643960
0.874957
0.170732
