0.843815
0.285308
0.241101
0.688287
0.366630
0.439661
0.476533
0.848053
0.031003
0.143206
0.420211
0.143023
0.274714
0.251358
0.811642
0.367498
0.896005
0.904819
0.809743
0.358714
0.360786
0.907370
0.497596
0.275273
0.010243
0.393049
0.300318
0.008478
0.890921
0.483434
0.680412
0.414543
0.550100
0.198363
0.704148
0.346670
0.131957
0.960972
0.847233
0.086746
0.048803
0.129459
0.895580
0.192386
0.229799
0.295947
0.625166
0.774187
0.155642
0.674547
0.194457
0.754642
0.070469
0.030027
0.541654
0.843459
0.260228
0.417295
0.809313
0.092383
0.992366
0.176253
0.344407
0.611424
0.113089
0.581253
0.045770
0.899918
0.378599
0.555485
0.567210
0.388353
0.925779
0.381653
0.557284
0.105317
0.242870
0.587056
0.480674
0.068728
0.297159
0.673197
0.791301
0.967360
0.139088
0.519307
0.893152
0.463088
0.920104
0.917834
0.146000
0.369926
0.404610
0.986612
0.067873
0.277625
0.824739
0.505528
0.721499
0.720442
0.517506
0.418301
0.400026
0.191670
0.954644
0.819407
0.344929
0.876488
0.052473
0.940694
0.668567
0.317068
0.748245
0.992567
0.503854
0.622657
0.813814
0.216482
0.627228
0.651725
0.322397
0.449101
0.731293
0.297506
0.635512
0.292264
0.938333
0.265051
0.200447
0.256347
0.383765
0.597246
0.344569
0.366864
0.403362
0.685488
0.126908
0.058237
0.028506
0.373179
0.191271
0.873758
0.467527
0.210582
0.983440
0.797370
0.008434
0.394643
0.441987
0.375880
0.180580
0.043263
0.167488
0.688965
0.003896
0.507001
0.158592
0.839917
0.052842
0.382271
0.873237
0.480628
0.853242
0.875699
0.311994
0.850298
0.104460
0.730090
0.535541
0.105677
0.656287
0.821078
0.477474
0.362725
0.175430
0.241575
0.046943
0.935844
0.988761
0.345986
0.809247
0.140728
0.589097
0.196025
0.247024
0.152501
0.058796
0.132876
0.576724
0.857749
0.535137
0.217455
0.305888
0.020419
0.424324
0.099246
0.501269
0.109086
0.413788
0.102499
0.108885
0.393450
0.778342
0.264198
0.914731
0.999443
0.157525
0.060486
0.620443
0.742344
0.635821
0.166082
0.338669
0.965859
0.259948
0.976139
0.680875
0.857845
0.906661
0.996294
0.418269
0.876826
0.130507
0.254698
0.807496
0.205936
0.350403
0.584277
0.185120
0.221589
0.770939
0.379434
0.181151
0.557203
0.256256
0.466277
0.788619
0.534096
0.074922
0.198737
0.494647
0.416093
0.990072
0.402568
0.755531
0.943181
0.014644
0.401146
0.617697
0.331787
0.594301
0.535318
0.194296
0.190647
0.825427
0.755958
0.958111
0.001284
0.071839
0.149881
0.030224
0.069875
0.795498
0.848574
0.751026
0.052856
0.857497
0.403892
0.578490
0.489970
0.528377
0.652796
0.576037
0.210781
0.374778
0.800062
0.955981
0.868024
0.962480
0.685809
0.410737
0.799047
0.713561
0.997859
0.610103
0.977635
0.339821
0.736333
0.759310
0.959609
0.729420
0.224170
0.738669
0.845247
0.591378
0.539239
0.083609
0.641369
0.430856
0.086076
0.240698
0.866033
0.734912
0.961240
0.228441
0.079760
0.447163
0.705550
0.124752
0.089425
0.271169
0.029166
0.407441
0.614633
0.069073
0.792443
0.136559
0.367051
0.408956
0.981555
0.386436
0.810232
0.543205
0.502951
0.057724
0.804907
0.046661
0.272332
0.974858
0.667729
0.612131
0.027452
0.209312
0.029014
0.058250
0.012394
0.179589
0.999563
0.498476
0.001416
0.316355
0.385449
0.237154
0.451986
0.000509
0.800128
0.653483
0.547428
0.073493
0.400910
0.957621
0.626174
0.727574
0.764716
0.990607
0.757567
0.166453
0.415992
0.018935
0.253084
0.820251
0.346692
0.478507
0.011644
0.628892
0.621877
0.066617
0.642823
0.983303
0.421167
0.808694
0.438035
0.131232
0.072827
0.859752
0.651409
0.930495
0.731060
0.470591
0.522091
0.202793
0.763438
0.368168
0.250416
0.810770
0.781413
0.306528
0.642808
0.925431
0.158397
0.011555
0.379608
0.339178
0.367848
0.585191
0.186549
0.242931
0.455376
0.577923
0.127501
0.060776
0.238190
0.425922
0.934404
0.770688
0.292898
0.100676
0.107539
0.870155
0.319732
0.047699
0.331109
0.643378
0.786303
0.603404
0.551440
0.821179
0.214989
0.363753
0.900406
0.937852
0.645813
0.535482
0.296416
0.575805
0.576521
0.020119
0.002255
0.430701
0.596815
0.568334
0.509390
0.865654
0.448651
0.571417
0.168928
0.147882
0.257734
0.603687
0.482726
0.164159
0.704263
0.587637
0.151318
0.458888
0.578151
0.118532
0.224367
0.073731
0.485134
0.810847
0.318367
0.565294
0.927628
0.185582
0.334885
0.674163
0.112524
0.784251
0.205916
0.840887
0.987538
0.219684
0.578914
0.614463
0.829268
0.976619
0.191800
0.720418
0.054585
0.790416
0.311891
0.357481
0.224191
0.693575
0.862819
0.126182
0.291464
0.680523
0.116815
0.440765
0.237118
0.950920
0.613029
0.193584
0.791586
0.899366
0.791819
0.066046
0.978472
0.222334
0.045468
0.269787
0.498494
0.259930
0.854125
0.264033
0.241251
0.186616
0.541817
